# test
22,14,5
6,4,15
2,16,19
16,7,3
2,0,6
21,14,1
13,10,19
21,12,6
5,19,2
3,16,2
13,9,11
7,3,22
9,23,13
19,14,1
23,25,14
1,5,0
5,11,1
20,0,14
2,22,14
9,23,7
21,7,22
12,21,13
24,13,14
2,0,0
19,19,20
10,25,18
19,4,0
12,24,16
3,20,21
9,13,19
15,8,2
10,1,23
17,14,8
4,9,24
11,22,8
4,24,1
22,0,19
25,20,22
3,0,24
0,4,13
19,3,24
18,0,25
19,21,16
12,20,2
3,11,12
13,10,25
4,22,20
25,23,25
10,20,16
0,18,24
14,25,22
3,21,1
17,5,22
19,2,19
18,14,16
2,0,19
10,0,21
7,22,14
15,3,4
2,2,4
14,22,0
17,25,4
19,6,11
23,23,15
0,22,11
21,10,16
20,6,24
5,11,17
10,8,12
18,13,18
0,21,22
18,11,2
12,18,0
21,23,8
4,20,10
14,18,12
19,21,20
21,19,20
3,2,21
21,17,21
6,17,13
11,1,7
18,24,22
19,12,9
18,2,17
12,23,13
24,9,5
25,8,2
17,13,14
24,18,6
3,18,6
15,0,22
21,4,12
10,17,17
3,16,22
17,10,13
18,14,12
3,11,10
21,18,19
2,19,23
10,20,8
16,4,11
24,14,6
12,25,14
7,20,11
7,20,11
16,5,10
20,16,5
5,0,19
24,12,22
25,1,7
3,1,22
17,2,24
4,17,25
23,4,3
2,16,18
6,9,17
24,21,15
20,20,19
14,1,7
21,17,16
18,9,6
5,2,23
16,2,0
3,15,24
5,2,4
8,0,15
20,23,12
8,23,7
24,23,24
6,1,10
1,25,21
0,0,1
20,25,1
15,0,14
1,1,24
11,7,21
2,20,4
15,21,23
4,24,9
11,20,12
5,5,16
1,9,10
12,18,14
2,3,12
4,4,14
21,22,1
2,4,13
12,9,14
19,17,0
19,3,15
20,10,0
8,5,19
14,2,11
17,16,0
15,8,23
19,7,19
24,25,22
17,10,4
16,1,16
12,16,10
17,16,23
11,25,1
14,12,8
8,13,15
13,14,25
25,11,25
4,17,17
0,0,5
11,12,17
18,5,19
13,20,17
12,20,16
16,2,21
7,2,7
6,24,7
16,3,6
5,22,13
4,24,2
7,24,19
4,1,6
6,1,15
2,15,22
10,10,0
22,19,16
5,25,1
9,4,14
0,8,3
21,9,6
15,13,13
19,4,17
8,10,1
5,6,0
21,24,19
12,19,16
17,7,15
9,6,0
8,21,4
7,9,12
18,17,3
18,6,20
2,13,17
4,20,14
23,17,5
19,23,14
20,14,0
0,14,23
23,8,2
10,0,3
17,18,21
17,4,15
24,14,9
4,23,25
18,14,12
23,7,2
0,14,5
19,19,20
24,25,22
3,3,22
2,2,16
16,21,5
14,15,6
15,1,6
16,25,4
1,6,15
13,11,21
6,8,25
4,7,8
0,21,18
22,22,1
11,6,14
14,14,9
0,22,17
8,3,10
25,19,22
9,15,15
21,24,13
16,7,8
18,6,3
16,25,15
25,6,17
2,25,2
3,3,13
1,9,14
15,1,25
22,14,24
21,12,5
3,25,25
10,0,13
13,11,12
10,10,25
24,16,16
3,15,20
2,0,0
8,1,1
25,23,13
0,3,3
12,17,15
20,4,25
23,6,16
4,21,6
8,6,19
14,11,9
25,21,10
10,8,17
16,0,23
22,14,6
0,21,25
10,24,18
15,1,17
18,19,8
3,7,11
6,0,15
15,1,18
22,18,5
15,25,17
2,24,20
1,12,8
2,14,13
22,9,0
5,8,10
8,18,3
19,8,17
20,16,0
23,18,16
9,14,21
1,0,11
20,7,14
3,12,0
10,19,20
11,1,21
17,25,16
4,22,8
0,15,24
0,16,17
22,3,1
12,6,2
4,5,2
10,18,21
8,19,16
25,20,23
4,10,22
24,12,22
10,15,22
12,3,24
14,4,21
7,1,20
0,8,1
24,23,8
23,10,6
1,13,25
5,15,5
1,18,25
10,20,4
5,22,1
6,12,8
9,20,9
0,11,4
19,2,12
13,3,14
14,15,9
16,25,11
14,10,25
4,4,2
5,24,23
10,17,2
17,4,21
0,23,3
3,7,5
8,8,0
0,24,17
18,6,12
21,16,21
19,6,20
7,2,20
5,4,10
7,23,6
4,15,22
10,11,8
22,12,6
24,17,15
0,8,18
10,21,24
7,5,25
19,18,6
20,23,20
9,15,3
5,0,7
21,24,10
0,6,16
8,3,0
12,4,22
10,5,14
4,3,16
20,10,14
23,3,17
15,21,15
8,25,25
8,21,11
20,1,7
4,1,13
9,10,18
8,25,17
6,20,25
0,16,7
23,5,21
22,5,16
3,5,0
3,24,20
23,13,7
19,22,6
8,8,16
1,1,3
25,2,5
14,14,15
0,16,10
8,15,16
12,12,15
15,12,21
11,5,2
18,4,6
20,14,4
2,6,13
13,6,12
7,5,17
1,2,11
4,9,25
5,0,12
13,12,25
13,0,18
14,3,3
13,0,0
5,18,7
17,20,4
2,7,7
17,10,14
5,2,19
21,20,8
16,16,7
3,16,23
23,21,13
1,11,13
19,0,8
19,2,19
16,9,20
4,0,19
24,5,19
7,4,23
15,25,2
25,9,14
0,12,6
21,14,18
3,9,11
20,9,24
18,6,23
20,16,1
18,23,1
13,15,20
3,6,13
7,7,0
19,4,12
4,15,21
25,12,23
1,10,25
1,4,11
4,2,7
17,13,8
17,6,13
20,6,21
13,23,19
6,4,7
22,11,14
2,25,0
22,6,0
16,13,24
22,24,2
4,11,3
5,1,18
23,4,10
14,4,10
21,12,2
20,13,6
7,15,15
10,10,21
11,2,15
6,21,19
11,23,12
12,25,20
15,24,23
7,12,0
15,12,10
13,9,12
19,21,3
13,2,17
3,20,7
10,5,15
2,10,23
16,22,16
13,8,6
16,17,4
3,24,10
23,10,16
22,6,11
0,11,21
20,17,0
18,3,12
25,5,19
19,16,16
4,7,4
5,14,14
19,11,17
17,19,0
11,23,5
1,5,15
0,12,1
1,0,25
9,25,17
17,12,7
2,15,1
4,22,10
1,4,13
19,12,13
25,2,22
19,19,20
12,6,25
4,14,23
6,0,17
19,25,6
22,15,9
20,7,25
21,25,6
10,7,21
22,3,18
16,7,8
21,25,18
11,24,18
0,7,7
18,9,19
8,21,0
15,21,23
13,2,18
12,13,5
3,6,7
9,3,25
22,23,16
16,17,1
16,3,12
15,9,4
24,7,25
12,3,15
23,15,6
23,2,11
18,16,12
3,14,1
20,11,15
2,3,5
2,24,10
19,25,5
21,18,6
4,2,17
15,3,6
8,22,0
22,25,12
18,1,11
13,21,24
2,4,3
20,3,12
25,6,10
24,24,21
4,11,17
6,2,12
21,18,25
6,25,3
2,0,0
5,21,8
9,7,3
1,15,0
4,11,19
24,20,11
11,4,21
9,3,2
12,22,9
13,0,2
12,9,17
18,20,10
0,24,25
12,0,25
21,7,10
22,7,6
10,3,11
17,12,15
16,15,19
16,14,15
0,1,21
15,2,19
8,1,10
19,11,3
6,10,25
0,8,6
17,8,1
24,9,0
15,4,12
12,13,9
23,21,25
22,13,3
20,20,2
23,9,13
23,13,8
16,15,8
2,18,19
25,2,14
4,3,4
12,14,18
3,7,9
17,24,25
15,12,11
14,9,16
6,6,23
4,18,24
17,3,0
20,22,1
25,15,14
25,5,23
4,24,13
2,16,19
11,1,4
24,5,20
9,7,10
1,8,9
17,0,13
21,0,1
19,16,19
3,8,4
7,10,18
17,20,5
12,4,5
5,14,22
6,25,6
9,16,25
12,10,6
25,0,5
15,9,3
7,2,5
13,21,0
20,11,13
21,1,21
15,23,4
17,4,14
8,6,19
16,3,8
0,24,11
20,23,18
4,18,8
11,13,20
20,14,6
20,18,1
25,3,0
16,13,4
10,3,5
7,14,7
16,6,24
8,17,1
8,8,18
4,3,22
23,12,1
23,15,0
8,1,7
16,1,6
6,1,25
19,8,16
10,25,12
1,25,20
17,13,8
10,1,24
25,5,6
11,25,13
0,0,9
16,23,8
19,16,10
16,22,8
13,10,16
15,7,15
7,4,2
11,16,13
4,4,5
14,13,12
17,14,13
9,12,20
10,18,24
6,22,2
6,22,17
1,2,20
22,10,2
13,1,20
16,18,1
1,22,22
2,17,12
21,16,5
4,7,24
16,22,22
4,14,7
1,9,0
3,6,24
23,3,12
9,9,13
21,21,2
11,5,6
12,11,14
15,12,11
16,23,16
16,25,19
0,8,9
14,20,2
11,12,6
12,16,16
1,8,6
13,23,23
7,5,20
7,18,10
0,0,10
8,0,13
21,1,16
11,13,22
18,7,16
11,7,7
19,17,5
19,20,25
3,22,0
23,18,5
8,1,9
19,19,20
14,1,5
22,7,12
7,22,12
23,18,11
5,22,18
8,9,21
17,22,24
24,21,3
23,23,22
17,20,21
21,0,17
24,25,8
16,2,22
18,4,25
13,21,15
2,24,18
23,18,11
8,7,5
9,20,22
2,11,17
0,5,17
0,25,6
23,12,14
23,10,15
20,18,22
1,9,17
12,24,25
20,14,0
7,16,15
18,14,19
4,25,13
24,17,14
15,24,0
25,4,9
15,20,15
11,3,20
11,22,10
13,21,5
6,0,14
21,4,2
24,10,7
21,11,11
10,20,22
8,15,16
21,3,15
12,24,8
22,17,18
10,16,6
2,9,1
20,20,25
10,10,0
6,25,17
22,5,2
19,10,25
13,10,12
14,17,8
14,17,22
11,24,24
12,0,15
11,7,3
16,14,6
1,17,9
14,14,24
5,2,15
1,15,2
3,22,20
15,7,4
20,21,12
1,1,22
5,11,23
12,25,16
11,13,5
23,15,25
8,14,20
24,4,20
1,18,2
9,16,17
3,23,4
19,20,15
16,15,23
3,7,0
18,24,7
22,12,15
15,7,25
10,3,19
0,14,2
17,18,22
2,16,14
15,24,5
16,4,9
14,12,23
9,3,0
5,5,1
15,17,16
1,16,22
22,21,14
21,15,11
15,2,17
2,18,5
14,13,1
0,2,19
0,13,20
11,25,5
20,10,6
25,10,6
2,23,11
6,0,5
14,16,25
8,18,18
15,5,17
13,21,1
3,9,23
9,17,11
4,21,19
10,5,15
22,6,0
9,1,13
14,0,22
3,15,19
23,2,22
13,16,6
0,16,13
8,5,24
22,19,0
9,19,6
25,11,23
17,9,18
7,7,7
7,24,20
22,25,4
9,22,15
22,4,2
22,8,12
21,5,22
24,17,1
14,21,2
12,22,1
14,0,1
9,10,21
19,23,12
12,4,20
4,12,21
9,12,16
17,10,20
11,2,0
18,9,11
6,18,21
24,17,0
13,8,19
2,3,1
15,24,22
25,17,5
5,7,12
0,15,15
9,9,6
14,18,15
11,12,3
4,2,18
9,20,24
0,13,0
2,0,0
0,17,15
4,22,11
6,18,4
18,9,15
8,7,12
23,18,3
5,25,6
23,8,3
9,4,4
25,9,6
19,10,11
2,16,21
19,2,19
19,11,8
22,15,12
19,14,18
8,3,12
16,25,0
7,9,5
23,0,22
5,1,20
22,15,24
6,9,17
12,23,24
10,8,9
6,11,2
4,22,23
18,18,2
22,22,21
21,10,8
22,12,17
4,10,5
23,22,2
25,17,5
1,1,22
13,1,2
16,8,4
16,18,1
7,5,23
3,13,7
9,6,18
10,6,9
22,22,20
12,11,24
20,17,22
2,19,7
2,5,23
7,5,18
19,12,10
16,20,5
8,4,25
13,0,16
23,21,4
13,8,8
22,2,12
0,15,23
20,9,10
6,21,24
12,15,8
3,11,3
10,19,6
13,12,17
12,9,18
11,23,6
24,9,10
21,22,3
5,11,9
2,25,5
1,15,22
1,24,12
22,22,9
20,20,19
16,22,13
19,12,24
0,15,16
11,16,16
12,23,12
22,13,25
5,10,13
12,11,9
22,14,23
8,15,13
7,11,6
20,22,1
16,8,6
18,9,2
21,4,0
4,3,15
0,23,0
23,22,1
11,2,24
10,13,25
10,3,4
21,5,13
5,14,9
24,2,23
6,6,10
25,9,22
8,9,19
20,21,0
3,22,2
21,5,18
2,25,4
21,11,19
22,12,13
21,7,20
18,1,21
19,6,1
25,17,18
13,0,2
17,9,21
7,21,2
19,13,7
20,6,19
23,24,0
0,7,22
9,9,3
21,16,6
0,18,2
12,13,0
8,3,24
7,10,4
0,13,12
1,18,14
10,24,9
23,16,0
24,8,8
0,1,0
2,4,4
2,24,7
10,1,7
1,22,22
13,3,24
24,18,6
8,14,13
9,9,11
22,10,20
4,17,10
7,11,10
0,10,15
22,6,22
20,7,20
23,0,10
5,0,25
25,1,11
19,20,5
20,14,18
13,11,19
22,17,22
1,14,19
1,21,12
21,22,18
10,0,25
8,17,23
15,7,18
0,16,11
21,18,3
3,5,0
8,7,22
25,20,16
10,17,1
18,2,1
7,16,20
0,1,22
9,22,11
11,6,9
5,15,6
8,9,5
4,14,25
1,2,1
16,3,21
5,11,24
13,18,6
22,23,14
16,23,18
1,13,24
3,17,16
12,7,13
12,13,4
12,2,16
8,6,10
22,1,21
1,11,23
7,6,18
7,21,9
25,15,13
16,22,22
13,5,19
17,23,13
17,7,20
3,18,20
16,23,1
8,11,18
25,5,15
13,13,24
8,0,4
1,5,22
15,3,6
9,25,3
8,22,20
22,8,17
1,17,21
17,0,4
14,11,7
1,25,14
22,1,16
18,9,13
20,10,20
10,13,11
19,2,19
16,8,20
13,16,13
17,7,9
6,4,10
7,4,12
20,10,25
9,1,11
7,2,25
25,13,9
13,7,16
25,17,4
2,12,21
21,17,13
3,9,11
0,3,4
0,6,4
5,23,8
18,15,3
21,20,11
7,0,21
17,6,5
13,4,16
18,17,22
11,1,1
23,17,13
12,17,0
23,19,22
15,18,2
4,22,25
11,7,18
4,9,16
13,17,25
9,17,25
25,12,17
15,4,3
12,20,3
19,19,21
25,8,5
15,4,6
5,7,0
21,21,3
13,1,21
21,16,18
10,3,18
14,14,4
6,23,16
16,2,10
6,16,13
13,20,11
21,16,10
17,15,3
25,12,14
10,21,18
14,6,9
3,15,11
22,22,21
22,7,18
15,21,20
14,17,1
7,5,2
4,3,9
25,9,3
2,3,7
2,2,25
16,21,12
25,21,7
11,2,18
3,9,11
25,8,20
15,13,22
7,24,10
24,4,19
4,16,21
8,11,22
23,11,4
2,20,2
17,23,12
12,0,18
23,25,2
23,15,14
10,8,3
23,24,12
24,24,2
6,9,10
9,10,23
6,10,4
18,21,2
10,10,11
24,8,15
16,12,2
6,22,22
6,9,22
20,9,25
1,24,19
17,18,14
3,9,1
1,22,9
6,22,11
0,16,22
17,2,2
15,7,15
14,0,13
7,19,3
7,12,3
2,25,15
6,16,7
0,13,2
15,24,20
22,14,4
20,10,2
19,11,4
18,11,6
10,21,24
25,22,5
18,17,8
15,22,18
8,15,0
20,2,19
12,14,24
25,19,24
25,9,8
12,3,5
11,8,24
9,5,18
22,24,7
12,21,2
21,0,7
10,24,24
6,12,21
11,9,10
20,24,23
9,6,23
21,12,10
15,2,6
25,1,22
5,3,7
23,4,15
6,25,6
23,24,2
9,6,15
1,16,5
15,2,22
0,20,23
6,19,3
16,18,0
2,0,0
24,13,4
18,13,7
24,10,1
7,3,15
20,17,23
19,0,15
25,24,12
24,18,21
25,4,17
4,19,2
20,18,3
13,14,2
14,8,1
9,1,24
2,3,15
1,24,14
24,11,4
15,3,14
19,25,20
21,19,3
22,25,1
0,20,3
25,5,3
16,5,5
12,3,14
17,24,11
22,16,18
4,4,14
1,17,15
25,20,24
12,19,11
5,15,11
5,12,17
11,13,11
20,18,21
7,6,23
19,7,10
20,24,3
5,16,13
7,15,9
14,17,17
11,1,21
1,13,17
11,13,9
17,2,19
22,22,16
2,24,20
20,5,18
13,16,12
21,16,6
20,20,17
6,22,14
2,5,24
5,1,3
5,9,24
20,13,12
12,14,15
16,9,23
10,8,5
12,6,11
22,19,0
3,6,18
8,2,7
21,12,7
20,11,24
6,19,18
0,7,0
1,24,4
6,5,7
2,21,16
2,18,0
17,7,8
19,10,12
23,14,23
20,18,25
1,8,2
2,14,18
9,4,15
15,24,20
25,25,16
22,0,18
15,7,8
8,16,6
7,8,0
10,24,3
24,10,15
2,18,12
1,6,5
13,2,25
23,11,11
6,11,23
1,2,15
4,3,8
6,8,22
3,23,13
24,13,19
8,1,11
2,0,0
19,22,15
15,16,5
25,2,24
7,22,6
4,0,5
8,20,13
15,15,21
19,12,6
0,0,0
24,4,8
12,1,1
21,25,15
4,8,21
1,15,3
25,21,10
8,0,0
13,14,14
23,15,10
0,18,6
2,18,21
23,4,8
3,12,0
18,9,20
7,17,10
13,19,8
21,21,14
4,4,15
15,8,7
5,23,18
8,22,18
2,11,18
6,17,15
6,11,16
15,17,25
23,0,16
2,5,19
16,4,23
12,9,19
25,2,5
9,24,12
14,24,3
23,24,15
0,16,7
22,1,25
18,25,5
4,21,15
7,0,22
7,10,5
22,19,16
6,16,9
8,23,16
10,19,24
7,16,7
19,2,19
4,11,10
13,23,18
17,18,7
22,2,21
0,6,8
17,1,9
3,21,7
12,25,18
22,14,7
21,10,1
5,7,17
2,7,16
16,13,20
4,3,17
1,6,25
24,16,3
1,0,15
22,14,3
14,15,11
12,16,10
5,9,3
7,20,2
7,15,17
2,17,4
16,17,23
9,11,23
18,22,4
11,3,14
19,6,14
20,4,4
21,22,10
15,10,22
22,25,13
2,19,24
15,18,22
3,9,10
0,17,15
11,4,9
12,9,8
25,3,9
24,25,11
3,9,8
14,23,6
0,1,17
18,25,20
20,24,19
3,18,4
24,17,8
12,8,22
23,6,22
7,24,7
12,1,10
18,17,5
3,11,15
11,2,7
7,25,10
0,19,9
3,16,0
3,25,0
8,7,17
17,11,0
14,6,0
16,8,20
7,24,3
5,7,20
0,23,23
6,25,12
7,22,1
16,9,23
21,13,21
11,25,18
19,3,22
24,0,11
8,5,25
13,8,20
21,18,8
3,7,6
23,2,13
18,0,8
20,24,3
9,8,1
16,9,7
9,5,10
8,11,18
22,21,1
3,3,3
2,10,24
3,12,18
1,24,9
19,21,22
0,12,24
24,8,7
15,17,3
2,11,19
14,21,0
23,9,22
21,14,23
6,19,3
23,1,11
25,24,14
15,17,8
11,8,17
3,8,22
1,14,4
7,11,2
10,0,21
13,20,9
23,11,8
14,11,6
20,6,7
4,22,21
2,9,25
16,17,25
7,12,10
24,0,17
4,22,18
22,6,15
24,19,20
19,23,17
22,24,19
8,9,24
3,12,7
4,18,15
1,3,20
22,3,8
20,25,20
16,6,19
14,21,10
19,2,5
10,25,10
18,17,12
18,13,7
16,3,5
10,6,19
10,9,25
2,0,2
4,7,23
9,5,22
11,21,1
0,5,3
20,3,0
25,16,22
24,25,22
1,15,3
25,8,0
5,16,5
14,15,16
21,6,22
18,21,9
20,20,17
3,8,8
9,25,13
25,21,4
23,11,20
24,11,25
4,5,9
8,7,13
0,14,17
14,23,23
24,9,4
18,7,7
22,22,20
24,5,22
3,15,11
21,20,16
14,1,9
19,18,14
23,25,19
19,7,4
16,25,24
9,19,25
21,21,24
2,17,0
9,13,22
25,2,9
3,12,5
11,7,1
5,17,14
17,20,16
17,8,23
11,19,13
14,18,17
1,20,22
8,13,4
9,21,16
8,20,19
12,23,11
12,9,2
7,10,12
3,16,23
9,18,14
1,15,11
0,14,24
16,17,19
20,11,2
11,19,15
24,13,6
12,9,23
0,15,2
13,16,1
24,25,1
25,16,24
0,0,15
1,20,2
10,3,10
1,12,2
19,20,10
22,15,3
10,25,18
14,1,10
11,18,7
2,13,5
25,16,16
24,7,12
21,8,12
2,16,1
9,12,18
5,19,1
2,14,17
20,19,18
12,1,6
4,11,11
19,11,16
14,12,6
14,9,19
2,6,15
1,12,22
7,2,18
14,7,0
15,0,22
19,23,3
3,25,21
24,12,7
13,5,16
18,7,23
10,12,18
21,19,7
18,25,9
6,25,13
16,23,17
18,17,5
0,24,14
5,9,6
15,21,8
10,17,24
16,24,1
15,23,14
5,14,23
8,7,11
1,22,10
14,17,17
8,12,1
5,17,12
11,17,12
20,3,0
13,23,9
2,20,17
25,23,1
23,10,2
25,15,8
8,24,19
16,19,19
13,15,19
5,25,19
16,19,0
7,16,3
16,19,14
25,15,0
2,6,17
16,13,9
16,15,19
11,7,14
18,17,5
19,24,14
7,3,12
5,12,8
2,12,25
19,19,20
9,1,4
1,16,22
6,2,13
18,15,25
17,2,14
5,10,24
16,21,2
24,15,4
25,5,20
24,25,2
20,4,23
5,24,14
13,11,21
19,7,0
7,14,8
12,5,8
11,15,5
5,23,24
13,8,4
9,9,1
13,12,8
13,14,17
22,0,11
8,7,4
11,14,12
6,11,0
22,14,18
7,21,8
20,24,19
4,23,18
5,11,25
19,17,3
25,6,25
3,24,18
1,17,11
1,23,8
24,5,20
19,9,19
4,16,21
4,8,10
14,4,9
12,14,16
14,24,10
24,0,2
6,1,0
17,22,6
6,14,19
1,15,22
16,11,11
7,11,3
9,25,6
5,11,2
22,4,7
19,4,11
13,8,12
15,15,15
7,6,10
7,18,21
12,11,6
25,14,11
11,15,23
22,21,19
21,20,3
17,3,10
9,3,21
23,16,23
23,9,23
3,20,19
16,6,23
6,8,10
3,25,4
19,5,23
7,24,19
24,14,22
17,23,22
21,25,13
0,11,12
22,20,22
2,14,7
18,3,7
25,4,14
4,19,20
25,12,1
10,2,16
16,23,8
3,14,21
6,5,23
14,1,15
19,19,19
7,10,2
19,19,20
25,7,2
9,11,23
7,23,21
25,17,11
9,5,25
3,0,16
17,24,14
20,3,8
18,16,6
24,3,7
2,19,24
21,0,21
13,13,20
24,11,3
17,5,6
21,10,20
19,14,3
10,11,13
10,5,19
17,25,9
6,12,24
17,0,20
18,8,13
13,14,21
23,24,21
8,16,21
9,23,17
12,17,12
4,5,19
7,6,7
17,2,16
24,5,0
2,0,15
25,16,2
17,21,21
22,1,4
16,9,18
18,4,23
12,15,24
23,18,1
20,15,22
5,24,18
9,2,5
16,9,3
7,15,15
3,0,19
18,20,6
19,15,17
21,6,5
15,19,3
9,11,18
18,2,17
23,2,19
10,15,3
4,11,18
24,22,24
11,4,7
25,19,5
0,0,23
1,24,10
16,22,9
7,21,5
5,16,19
24,0,10
18,19,16
21,9,12
14,13,21
17,10,25
3,25,14
15,22,10
2,15,10
13,12,2
0,9,11
13,22,1
12,10,22
22,1,12
17,15,12
24,15,10
15,17,23
11,19,16
20,18,15
8,5,2
8,18,8
17,17,22
11,10,8
20,24,19
25,9,17
20,7,13
24,22,25
9,6,10
23,19,24
0,16,20
19,9,2
11,21,18
1,1,5
16,7,8
24,10,4
20,20,14
10,11,20
13,14,8
4,9,10
16,13,14
12,3,10
6,12,15
0,17,6
13,20,18
1,0,17
6,19,0
16,17,22
2,1,19
21,22,2
22,11,13
19,19,20
4,25,0
24,12,10
12,7,11
15,9,2
11,2,11
15,16,15
17,1,11
25,8,19
1,15,0
13,15,19
8,5,18
10,0,16
20,15,20
24,21,0
23,20,22
22,8,14
21,21,1
19,11,7
20,17,16
8,5,25
22,18,11
24,15,22
4,5,17
15,19,2
19,7,8
14,4,11
1,22,9
21,20,21
5,20,18
16,11,0
2,3,10
23,9,8
22,12,10
13,7,6
6,14,13
23,15,9
20,15,14
13,23,17
4,20,2
5,17,17
23,7,1
11,2,0
12,12,4
3,17,8
17,13,13
6,23,21
11,5,24
18,5,23
1,12,8
13,6,22
14,19,7
20,18,25
14,3,10
11,2,5
25,3,23
23,19,5
19,24,22
12,25,16
13,19,24
4,6,17
16,8,21
8,13,15
1,1,19
7,15,22
21,2,3
0,9,25
19,6,8
18,18,7
24,6,9
25,25,6
8,18,4
22,4,18
16,7,9
12,12,12
10,0,18
5,4,23
5,2,21
22,17,3
15,1,15
3,22,15
10,16,8
0,10,2
3,2,15
22,20,0
17,20,2
2,18,10
9,24,21
16,4,8
23,6,16
6,8,2
18,10,5
23,12,18
5,8,11
10,11,13
14,2,5
22,4,23
8,23,23
24,13,2
20,25,13
10,8,14
22,11,15
3,17,20
15,15,1
20,21,21
11,2,16
3,12,21
9,0,24
15,7,15
8,16,2
5,5,2
6,21,16
12,10,9
14,16,4
24,15,12
21,11,25
23,1,10
7,9,1
18,11,18
13,19,8
0,22,11
9,4,25
6,20,21
9,5,1
13,10,20
19,15,25
16,1,18
8,2,13
13,25,21
11,16,15
21,15,23
16,17,7
20,7,13
3,6,7
13,24,21
15,18,7
6,8,3
21,25,7
3,16,4
1,11,5
14,12,2
2,2,12
24,17,4
15,5,1
15,16,2
3,8,9
21,14,18
2,9,12
22,19,13
10,19,1
3,10,4
20,11,23
19,9,21
1,25,24
10,18,15
25,0,5
24,24,2
21,6,20
10,19,14
7,15,10
23,20,3
2,7,16
6,21,21
18,22,18
8,0,11
9,15,8
7,17,18
10,10,21
8,2,2
13,2,16
10,17,12
9,21,22
16,17,21
20,25,18
10,12,3
9,19,19
20,23,23
9,12,8
14,3,22
5,4,6
23,16,25
20,18,5
23,2,3
10,18,14
23,21,6
6,11,6
13,9,18
12,7,25
2,14,13
14,13,12
23,5,8
19,10,12
21,3,18
16,21,1
23,2,24
11,9,24
0,11,21
19,4,17
14,23,17
12,7,8
22,18,3
2,6,16
20,17,0
23,21,5
0,10,5
20,17,0
2,12,22
11,11,9
21,5,5
0,2,14
2,6,15
23,2,13
10,7,19
1,7,21
12,8,12
19,9,20
4,13,1
3,15,16
10,14,3
17,5,20
14,19,19
2,4,4
2,24,12
18,12,20
6,8,8
8,21,20
24,18,16
19,22,23
3,1,14
24,20,4
5,5,8
23,5,9
6,23,1
8,20,21
5,11,18
6,17,4
11,18,16
17,17,15
25,6,12
2,0,0
17,20,21
3,18,1
7,12,21
1,1,20
12,4,20
1,3,6
8,15,22
19,1,12
6,25,10
13,8,9
15,16,22
21,23,12
1,19,4
6,9,18
6,0,20
21,4,21
5,9,23
23,5,22
23,16,23
13,24,2
20,5,24
17,16,22
21,0,20
3,4,4
9,24,20
15,4,21
20,12,25
18,10,1
0,8,7
10,22,4
8,6,16
4,0,24
24,17,25
9,16,11
14,7,20
19,8,22
20,6,20
14,20,5
15,20,19
0,24,3
11,6,23
6,13,6
10,18,4
1,24,9
18,2,0
21,2,1
12,22,17
15,4,23
5,24,2
3,19,23
8,18,20
7,0,13
19,8,14
12,21,20
22,23,22
3,10,3
12,0,18
10,5,11
7,4,5
15,20,4
20,17,0
23,2,0
15,13,20
13,2,19
25,21,21
14,16,11
14,7,13
24,11,5
19,5,20
7,15,4
0,19,16
7,19,1
10,13,12
17,17,22
11,20,23
8,13,1
2,20,5
12,4,6
25,20,25
6,3,9
21,7,21
14,10,15
12,2,1
0,19,16
0,22,25
19,4,23
9,13,22
11,20,24
0,22,20
4,15,6
3,22,12
8,23,12
21,11,5
6,20,2
20,20,3
21,6,3
13,15,2
12,5,1
22,2,24
1,3,0
8,2,23
18,1,23
12,13,16
17,23,13
7,2,12
11,1,17
10,16,15
2,22,2
20,9,4
8,25,12
0,13,1
2,13,3
0,15,2
9,16,22
13,14,15
10,20,12
19,2,22
0,23,1
8,23,23
9,7,19
24,2,25
23,12,0
11,15,16
22,17,20
6,23,19
15,9,4
17,11,7
7,12,12
6,6,22
15,7,2
23,10,20
23,5,23
5,14,9
4,1,14
15,10,20
4,3,24
8,12,19
22,4,11
7,24,10
22,15,4
22,12,22
19,24,13
1,9,15
22,4,6
17,10,10
5,22,10
0,20,12
21,8,14
9,0,17
13,12,3
16,8,3
8,17,10
19,25,8
19,19,8
13,23,18
9,1,12
4,18,1
6,13,16
9,3,17
9,2,16
5,16,25
24,17,21
9,24,14
23,16,18
10,25,4
20,5,24
0,19,14
1,0,6
16,1,20
0,23,6
11,2,24
7,2,19
10,2,21
23,17,8
4,23,17
15,8,14
2,19,8
14,4,14
5,2,5
7,4,15
6,19,15
18,12,4
23,2,24
25,23,24
2,10,12
18,23,20
24,20,16
10,7,16
3,23,18
13,23,19
17,17,24
11,18,19
24,16,25
20,8,23
18,17,15
0,22,20
8,16,9
1,24,22
19,22,16
19,12,3
6,6,19
17,13,15
25,25,25
22,2,14
20,18,11
6,15,18
0,15,15
2,10,7
20,25,6
5,19,18
8,1,12
3,18,18
9,25,2
5,3,5
17,4,7
16,9,23
25,24,12
23,24,19
4,9,24
2,16,0
5,18,16
20,18,19
6,3,4
6,7,24
23,15,8
4,23,3
16,4,0
10,8,25
22,22,11
25,9,15
6,2,10
18,8,14
20,4,19
16,13,2
15,5,18
8,23,13
17,7,19
10,11,7
11,19,2
6,24,8
13,9,1
6,21,22
7,16,14
21,11,22
19,20,21
13,6,16
14,13,25
4,0,17
5,20,5
13,23,6
14,9,20
8,13,13
14,25,12
6,6,20
7,12,11
12,20,23
2,3,10
23,13,19
19,2,19
21,2,0
25,0,18
19,4,24
17,11,4
12,8,13
3,1,4
2,18,13
18,13,25
1,15,2
13,12,25
15,17,11
8,22,22
21,24,13
16,4,17
5,24,4
17,17,2
15,17,8
25,13,2
5,1,18
3,5,8
22,19,0
17,21,24
8,2,24
20,24,19
10,5,7
5,2,12
7,18,18
18,5,3
19,7,12
14,8,15
21,6,9
0,11,12
13,22,12
16,1,8
2,0,18
12,13,23
0,4,12
6,2,2
10,6,24
7,0,7
7,25,2
16,0,10
2,12,19
20,12,0
13,25,21
24,5,22
21,8,16
4,19,17
17,9,3
25,2,6
25,7,15
2,9,5
22,16,25
12,23,21
16,22,3
11,2,19
8,3,22
13,1,15
24,9,11
14,6,20
9,12,6
21,19,10
10,7,17
14,13,10
17,9,10
0,1,1
9,0,23
3,21,16
16,0,15
5,11,19
22,22,4
21,3,1
1,24,13
25,5,23
18,20,19
23,5,15
1,10,2
10,17,11
5,13,23
19,15,24
16,12,24
12,11,0
11,13,23
20,11,4
22,11,17
9,16,20
16,1,9
13,14,6
15,18,22
0,23,20
9,8,2
24,1,12
15,1,5
19,9,2
10,11,11
14,11,13
18,18,25
3,6,22
23,8,20
18,9,13
6,16,16
4,19,11
17,0,12
0,19,0
17,24,17
10,5,24
19,0,1
20,9,1
22,7,15
14,4,18
12,24,0
18,18,18
10,15,25
18,1,1
4,13,0
11,2,11
25,19,5
16,13,3
16,0,25
22,24,5
3,9,10
13,25,24
6,22,0
21,22,2
6,21,1
0,16,5
23,7,14
7,21,7
5,5,21
8,4,3
10,6,20
4,12,6
8,21,15
4,7,12
19,14,12
14,9,7
2,9,15
11,13,15
24,3,20
13,6,14
22,0,2
20,2,0
18,21,18
17,10,15
11,16,12
11,22,16
2,12,12
21,9,1
8,9,23
9,24,14
9,12,5
8,6,25
14,23,10
4,8,17
20,12,15
11,6,15
14,3,5
17,25,10
12,22,19
15,8,24
25,2,23
20,1,25
2,19,22
18,20,18
19,9,2
8,20,11
5,7,12
15,3,9
18,15,7
15,10,12
6,18,11
5,19,3
6,18,9
13,23,15
24,0,24
9,19,18
19,23,16
15,13,13
22,23,9
3,13,15
8,15,10
7,4,24
16,22,2
14,15,19
6,2,21
17,4,1
22,18,4
7,17,6
13,25,19
24,16,14
2,23,6
9,8,8
14,16,11
16,13,16
14,22,22
10,10,17
12,13,17
8,2,9
7,19,25
8,10,9
7,20,18
17,18,11
20,25,25
24,19,5
22,17,5
13,0,14
18,3,4
14,6,6
13,15,12
6,3,24
2,18,0
9,9,5
24,5,23
10,18,14
18,13,12
12,16,19
4,1,11
4,7,15
25,19,0
12,22,2
23,7,0
14,13,9
17,22,4
25,8,2
9,15,4
15,2,10
3,20,21
19,21,17
9,14,6
5,5,24
10,5,7
1,16,19
19,0,7
21,2,23
19,12,20
4,6,24
7,10,12
8,0,20
16,5,18
16,18,25
24,17,9
6,5,10
22,3,5
3,25,0
11,12,23
11,8,16
15,1,11
9,25,18
21,12,15
5,18,19
21,22,0
0,0,1
23,12,24
2,1,17
6,15,12
6,8,23
13,7,9
0,3,24
11,4,4
8,15,7
0,7,18
9,2,20
1,0,1
4,11,17
10,20,23
4,6,1
1,21,9
4,17,3
25,2,0
12,2,20
17,21,22
25,22,24
25,10,10
0,18,24
21,21,5
10,25,7
10,10,20
20,0,13
20,18,10
9,10,3
19,13,14
25,20,15
20,20,5
16,11,21
17,15,10
10,7,2
20,6,6
12,10,14
23,8,11
7,8,14
8,24,15
5,4,5
2,14,11
10,16,11
11,24,20
10,5,16
18,4,11
6,1,11
0,11,13
11,10,22
16,6,16
14,22,21
3,1,22
20,6,12
0,19,13
3,25,14
5,7,23
6,15,14
3,17,18
16,12,21
22,11,15
0,18,10
9,9,4
16,18,10
16,2,20
12,16,16
9,5,24
4,6,21
22,10,5
6,0,1
24,18,6
4,19,0
11,22,4
16,5,14
2,6,8
5,7,24
8,16,22
0,19,21
3,18,9
24,16,25
19,7,6
19,5,8
8,22,18
22,21,19
21,9,8
1,6,0
11,18,18
6,9,12
23,25,15
1,4,15
24,16,21
19,12,8
7,11,16
9,23,0
17,11,25
22,6,0
11,25,4
22,12,20
5,22,17
3,2,15
19,6,4
11,9,12
16,23,14
24,4,4
19,11,10
10,7,16
25,3,4
22,11,13
3,6,1
15,16,23
5,1,4
2,9,25
0,18,21
12,8,18
25,22,19
16,14,4
10,12,0
13,5,19
8,4,1
9,0,1
4,12,5
0,3,3
20,17,5
10,9,12
12,18,6
25,3,15
17,12,9
12,14,19
6,0,24
19,5,6
17,19,8
4,18,23
16,19,1
21,16,3
23,13,8
7,15,10
12,24,7
5,3,14
4,9,11
6,1,11
25,16,0
20,17,0
3,7,16
9,13,6
0,10,25
25,0,1
7,12,22
1,13,18
14,8,16
4,0,10
5,19,5
22,7,18
0,9,8
3,7,17
5,18,2
5,22,19
9,18,15
21,5,13
25,5,16
24,18,9
20,5,15
19,4,14
22,2,9
1,24,6
19,2,3
21,2,14
3,5,22
9,15,8
5,14,19
23,4,19
4,0,5
12,25,25
19,19,20
6,25,11
16,23,0
21,23,14
1,16,4
17,11,1
14,17,15
0,20,8
12,11,1
1,5,12
23,19,1
22,16,13
5,15,11
15,24,1
4,10,11
12,1,15
6,12,16
17,3,6
23,9,11
13,12,18
6,13,14
22,21,7
14,7,2
8,9,25
21,15,13
5,20,8
2,0,6
13,20,21
15,3,23
11,2,0
22,11,11
11,8,4
13,19,6
18,16,22
25,12,14
6,16,0
24,11,10
13,2,0
15,7,9
8,22,3
3,23,17
2,21,23
12,25,8
25,16,11
3,16,17
19,10,18
2,5,17
15,14,17
18,23,12
9,14,15
24,11,12
11,4,7
10,11,14
23,16,25
8,23,3
3,6,3
15,1,20
22,19,19
8,19,1
19,6,19
12,10,7
11,25,25
17,21,22
23,16,9
14,9,21
0,7,17
4,19,4
19,10,11
0,7,24
19,11,17
15,13,21
4,17,25
16,20,2
15,22,18
3,22,19
3,3,10
3,13,8
16,8,20
0,17,22
11,25,5
22,20,10
22,25,7
9,9,18
15,7,23
14,20,25
25,25,24
4,9,13
20,15,18
8,3,18
24,24,19
7,13,23
9,0,17
22,2,12
19,19,20
3,6,25
8,8,16
12,10,0
21,15,14
17,4,10
11,3,24
23,9,18
19,1,9
20,8,15
16,13,3
4,19,13
2,23,9
25,7,6
5,15,12
23,6,21
10,21,20
5,5,25
9,18,16
14,15,24
7,15,14
14,15,2
4,5,22
5,5,20
2,0,4
9,5,4
24,13,5
12,8,25
4,9,13
2,20,19
8,18,24
3,17,15
8,11,7
1,5,5
25,18,22
6,9,22
25,17,2
1,0,21
11,11,14
22,23,3
16,11,9
21,18,8
10,4,17
3,21,25
14,8,18
19,20,9
4,17,1
25,5,13
16,18,16
14,20,1
13,14,5
1,14,3
21,1,17
24,12,20
2,21,12
7,7,3
19,9,19
21,23,24
10,5,12
13,6,18
23,2,9
21,14,1
1,16,22
8,9,18
17,0,7
3,21,12
24,16,0
19,24,3
9,11,24
11,14,20
20,5,21
12,4,22
22,18,11
15,22,9
12,13,1
3,25,10
18,0,10
25,9,4
16,8,23
1,2,6
22,14,10
15,6,25
22,4,7
22,21,3
17,16,23
20,13,23
18,15,13
13,16,14
10,17,2
12,20,21
2,21,3
23,4,14
24,4,8
8,10,4
22,5,7
1,24,13
25,13,5
24,10,25
16,12,9
25,17,4
16,13,25
24,24,3
20,9,5
8,6,21
10,23,16
19,4,21
17,2,18
20,13,20
5,13,20
6,12,20
24,1,10
13,9,15
0,25,12
20,15,24
6,1,25
11,16,3
22,1,24
13,3,3
0,7,3
22,19,11
23,18,19
5,1,0
14,8,3
18,25,10
16,5,5
14,9,9
9,4,18
9,6,3
0,18,6
7,16,24
5,9,22
19,2,19
15,21,13
5,6,1
20,17,16
2,3,19
7,16,8
19,24,21
15,18,10
16,10,17
21,3,18
21,5,9
17,0,12
24,9,14
0,23,3
16,4,18
21,0,15
6,8,2
3,25,3
1,21,8
19,5,20
23,7,24
18,14,2
23,8,19
8,20,3
12,6,24
14,0,15
8,11,7
4,24,23
23,21,5
21,23,12
15,1,25
3,18,24
2,9,7
16,8,7
12,4,7
9,24,13
5,20,24
18,24,24
16,24,11
6,18,7
0,20,13
15,24,14
12,2,15
10,3,6
5,13,8
5,16,9
19,21,15
24,11,6
20,25,7
14,2,4
17,19,2
12,1,10
8,10,19
16,2,12
8,23,22
4,20,22
9,19,1
1,16,22
7,22,10
9,12,8
3,15,13
19,19,14
20,18,5
25,8,6
5,13,24
8,17,14
1,7,0
6,4,9
0,24,15
15,24,11
4,21,4
17,21,12
11,1,1
21,18,22
12,13,1
14,21,25
8,11,2
17,8,13
16,21,7
4,9,6
13,1,2
10,20,8
3,10,3
19,25,21
16,0,17
18,22,0
5,23,4
12,4,20
8,15,21
9,23,11
21,18,8
6,4,21
17,24,1
8,1,9
3,7,5
20,18,24
9,23,11
24,17,2
18,4,16
2,23,16
22,14,20
21,3,6
8,25,1
19,7,20
23,9,13
21,4,1
15,13,7
21,3,24
12,4,25
25,13,6
14,8,17
15,13,7
23,20,20
13,20,24
12,5,6
3,4,13
20,7,4
8,16,15
7,14,25
11,24,17
19,1,17
4,20,10
16,25,9
7,11,6
11,3,10
7,2,14
0,11,11
12,22,10
21,10,14
4,1,24
23,11,5
18,18,11
18,2,23
18,21,21
12,22,12
3,17,1
25,12,9
15,24,7
18,19,12
15,19,9
8,0,24
11,4,24
13,3,5
4,24,1
24,20,1
18,19,11
6,6,18
10,21,2
13,6,7
22,5,10
3,18,13
23,18,4
21,12,1
13,16,7
0,3,15
22,21,8
24,4,20
3,8,10
20,9,0
2,14,1
2,25,19
13,23,20
0,25,5
18,0,21
7,13,5
16,15,10
24,12,7
16,20,15
4,11,20
18,11,17
17,22,6
19,12,18
1,10,24
11,18,22
11,6,2
10,12,6
10,2,17
13,3,6
4,24,24
21,18,9
2,0,0
0,17,2
10,19,8
1,19,18
1,6,6
7,21,3
2,18,18
9,7,4
15,8,24
9,3,18
14,15,7
19,16,10
24,18,4
20,14,23
17,7,11
15,2,2
20,1,5
23,25,23
20,17,13
8,15,10
4,20,8
20,6,4
25,12,4
19,19,6
7,5,17
7,6,15
17,3,15
0,21,4
14,5,24
9,9,0
1,22,22
11,18,6
11,1,21
10,17,7
20,7,11
19,20,5
5,24,22
8,6,1
11,21,11
17,23,1
0,25,2
11,8,0
21,8,16
2,12,25
22,6,12
14,11,21
20,10,3
17,13,8
20,10,8
8,15,21
19,25,18
2,5,19
23,17,6
8,16,12
10,15,22
12,0,23
0,10,9
8,19,20
3,4,8
24,16,10
3,25,13
7,25,13
12,5,13
11,0,20
19,21,13
8,9,11
25,3,6
9,8,9
21,15,9
5,18,16
10,6,24
8,6,19
10,9,5
18,24,15
24,9,9
22,21,21
11,16,13
21,3,18
5,25,5
7,23,25
1,18,11
14,23,0
17,20,0
17,7,9
13,2,10
2,1,8
14,4,11
6,8,18
19,25,22
25,15,15
19,25,20
4,2,9
8,25,7
0,14,10
11,0,10
17,13,5
13,21,22
3,22,10
24,5,12
23,10,3
1,25,17
1,8,7
5,3,18
12,18,13
14,9,11
5,25,1
0,23,22
20,24,19
24,5,1
7,19,12
24,25,25
10,0,19
14,23,24
17,10,22
17,10,21
2,0,0
21,14,20
24,16,8
15,24,15
2,14,5
17,6,21
24,3,14
15,1,1
11,6,9
7,21,7
19,19,24
1,18,19
3,12,12
16,13,8
7,2,5
20,9,3
4,13,25
12,6,7
14,5,22
8,8,9
23,18,2
10,21,12
0,17,12
4,13,12
5,25,13
6,0,13
14,12,25
19,22,8
23,11,12
18,0,12
22,19,7
7,6,20
5,14,25
0,8,8
9,8,17
18,10,14
22,24,17
12,18,5
22,15,24
20,0,5
19,21,12
7,16,13
2,17,11
3,10,17
17,24,11
13,7,6
20,19,15
22,23,4
13,7,18
7,4,0
2,25,1
9,1,23
23,7,8
23,12,10
2,16,21
17,16,24
9,5,10
14,17,1
11,6,11
16,12,3
16,7,21
4,19,21
20,23,10
22,6,18
23,9,19
20,15,0
8,13,4
20,19,2
20,3,7
7,23,2
21,8,14
8,7,8
23,12,11
0,24,4
1,22,22
9,19,19
6,5,7
22,6,7
4,7,3
14,4,7
16,6,24
17,14,1
12,1,21
20,1,12
22,20,4
11,1,2
23,13,8
10,7,18
9,7,6
19,17,17
21,25,3
13,21,5
0,25,7
21,9,14
0,15,21
8,11,18
19,7,1
10,9,15
3,8,6
13,25,24
0,12,6
19,21,24
23,9,3
13,2,4
7,4,2
0,25,17
12,9,17
3,21,14
24,8,9
15,11,7
24,25,25
21,20,9
24,11,9
5,10,15
7,16,14
18,23,18
3,21,13
20,19,1
17,2,19
7,23,1
20,1,5
9,1,18
25,20,23
19,20,22
22,19,16
20,17,0
11,0,3
7,5,10
25,18,23
7,6,16
13,15,5
0,1,1
17,2,22
11,0,23
21,5,15
4,10,14
15,9,21
19,24,5
15,7,8
22,4,11
15,9,23
4,19,24
9,6,10
23,18,7
15,12,25
10,20,15
14,6,23
1,24,19
20,5,4
11,25,21
8,4,13
10,22,16
21,1,25
13,5,21
22,0,13
14,25,6
9,1,3
6,5,2
10,8,5
5,5,6
6,12,9
2,7,18
23,12,3
20,7,21
2,5,24
8,5,9
10,7,20
2,14,2
15,18,11
2,6,22
23,6,14
8,18,18
24,3,22
3,12,9
13,11,21
24,23,13
25,2,13
11,21,25
2,0,0
17,8,10
3,17,11
6,17,9
9,12,6
12,20,15
6,7,4
4,21,24
22,24,10
4,22,24
7,14,25
23,17,2
17,19,22
6,2,1
19,19,4
7,24,20
3,6,10
0,11,9
17,6,1
18,15,7
11,12,2
5,11,24
22,5,14
10,24,15
14,21,1
9,14,1
4,14,15
14,10,8
2,17,13
23,15,3
12,17,18
21,16,13
7,21,4
9,7,22
11,24,2
4,0,0
10,24,22
19,23,5
9,25,7
20,3,0
14,16,14
7,1,17
22,0,16
13,11,19
22,19,21
5,5,10
0,12,7
2,7,9
3,7,8
12,3,5
23,6,22
5,11,4
0,23,4
23,10,14
15,14,2
20,4,18
20,1,1
9,10,16
6,25,18
18,8,13
0,2,25
14,4,0
7,23,0
14,16,23
2,0,0
1,5,3
13,23,15
6,11,20
21,23,7
1,22,22
12,9,10
3,20,18
9,8,15
21,4,23
22,12,18
1,13,9
15,12,19
24,6,1
3,2,5
4,8,17
11,23,18
13,11,24
19,7,11
24,14,14
0,6,22
21,24,9
2,12,15
8,6,8
3,2,2
7,18,19
8,18,19
18,4,16
15,6,17
1,24,3
25,10,13
7,5,21
2,19,15
13,23,17
5,4,18
16,6,0
17,19,7
23,4,3
24,10,14
21,0,25
8,2,14
21,17,21
12,22,4
17,20,24
4,2,6
5,0,10
23,13,13
2,20,15
11,3,16
17,18,25
25,20,22
22,24,12
13,12,18
3,9,25
1,18,4
18,13,17
19,12,11
11,0,16
12,9,13
25,3,3
15,1,1
18,14,4
3,25,12
5,25,20
0,20,10
0,8,17
25,14,21
15,11,10
20,0,10
22,12,22
17,10,10
9,13,4
6,16,9
25,3,24
8,1,6
12,18,3
8,12,19
5,0,18
17,16,18
11,2,21
12,14,12
13,11,6
16,8,19
14,25,10
11,17,19
19,12,11
15,13,5
13,1,14
18,15,10
24,7,25
13,12,25
1,5,19
13,17,6
0,4,6
8,18,8
21,8,18
11,8,15
14,21,24
14,14,11
20,19,25
1,20,22
15,24,6
22,24,22
4,22,21
1,24,23
12,22,25
21,9,5
16,24,18
15,8,4
11,20,8
7,21,7
14,24,25
17,13,6
24,9,21
1,1,8
13,19,14
7,22,25
22,17,20
6,16,21
10,15,5
10,1,10
11,8,20
20,12,11
11,11,19
4,3,8
11,9,14
14,20,18
18,18,7
9,19,12
13,14,7
23,16,8
18,17,3
16,19,7
4,23,10
3,8,14
0,17,7
2,4,17
19,12,1
13,10,11
25,15,16
3,13,3
14,15,0
9,23,3
5,17,14
5,23,17
2,11,11
2,17,25
10,15,17
6,7,25
8,0,22
0,7,20
15,11,2
15,1,15
25,19,11
7,14,8
17,5,14
13,24,22
0,6,20
7,19,11
15,6,0
2,21,17
2,2,17
3,8,5
0,12,22
8,12,1
8,17,16
18,2,6
4,5,19
5,25,1
16,15,5
6,6,19
21,21,24
13,9,13
5,5,6
24,3,18
24,13,2
1,13,22
11,6,12
2,2,4
13,2,22
25,19,17
23,10,13
24,6,23
11,16,0
17,18,24
24,13,2
3,22,3
7,13,11
2,22,20
6,11,5
9,2,14
20,13,11
23,14,17
23,8,20
18,2,2
0,18,16
5,13,1
10,21,4
9,21,12
12,24,15
12,24,6
25,22,13
12,25,3
15,21,9
16,3,19
7,16,19
14,19,15
11,12,3
4,14,1
13,3,19
19,12,22
5,24,4
8,9,6
22,3,24
19,13,22
21,16,4
25,19,5
19,0,1
25,4,8
19,5,13
25,18,10
20,16,11
2,0,0
19,9,20
14,15,17
22,13,2
8,24,7
23,12,21
20,7,3
10,24,9
8,13,1
1,22,22
2,15,16
2,2,4
1,8,12
6,25,17
17,7,11
17,11,19
6,24,23
23,24,16
10,0,25
9,20,7
18,2,13
11,12,16
8,2,17
14,1,22
23,20,12
8,18,13
18,19,25
2,12,10
20,6,19
19,20,16
1,25,12
25,14,17
9,5,8
12,4,16
13,11,4
12,20,16
22,14,16
3,15,25
20,17,19
15,19,13
9,25,9
11,2,10
4,23,10
25,12,22
16,12,18
2,4,25
9,12,6
20,23,25
20,17,0
22,8,0
22,9,9
5,6,0
6,21,19
17,5,25
12,9,24
9,16,15
23,4,25
14,17,21
8,24,11
25,25,24
18,0,10
25,24,9
5,6,0
20,4,22
1,1,4
23,5,15
0,15,8
4,8,24
15,11,23
18,5,9
17,10,9
19,21,16
11,19,19
16,3,23
25,22,15
18,20,17
15,13,2
0,10,15
1,22,4
8,2,24
22,11,23
18,15,0
5,8,3
23,19,9
12,24,17
0,3,17
9,18,4
25,2,20
22,19,11
15,13,6
12,25,5
8,15,18
19,12,4
20,20,16
20,12,8
16,25,6
4,1,7
0,12,8
17,12,6
0,6,12
23,9,13
15,23,21
2,10,11
15,17,20
1,2,0
19,10,24
10,19,4
14,5,21
8,5,10
6,17,22
20,13,18
20,6,24
1,22,1
13,3,14
15,9,5
11,19,2
9,5,21
21,14,13
21,3,7
17,24,13
6,6,20
7,9,10
12,19,0
21,6,9
18,13,16
4,9,14
0,9,9
3,23,3
5,8,6
10,0,19
10,8,3
8,3,14
23,21,20
16,17,12
19,18,16
6,24,3
11,16,3
16,1,16
21,13,9
22,20,16
7,18,11
12,10,9
5,5,8
23,9,18
15,23,2
16,1,5
2,23,17
8,18,21
16,7,5
5,5,15
21,19,20
14,17,23
5,10,21
20,9,9
21,15,4
19,20,1
9,6,23
8,2,19
0,12,18
3,19,17
11,19,4
6,6,21
3,4,15
15,11,3
11,6,20
2,5,0
13,5,5
0,22,13
3,8,23
24,22,8
25,10,9
19,2,19
23,22,24
20,2,10
1,19,22
0,24,17
12,6,4
19,16,17
23,14,22
6,11,17
8,1,7
6,16,6
23,3,5
3,2,7
17,18,3
7,16,11
21,20,20
12,0,14
11,9,15
18,17,3
24,0,2
17,0,12
24,0,3
0,1,18
6,16,21
19,19,19
15,17,17
23,3,6
8,18,25
8,19,25
6,4,12
11,0,21
0,11,8
15,14,10
10,19,1
19,24,19
21,13,4
4,19,4
3,19,15
17,20,23
16,23,0
21,13,17
6,9,8
12,25,9
21,20,15
5,12,5
0,3,10
7,13,20
18,2,8
11,7,5
22,14,12
20,19,21
18,10,8
4,0,22
5,13,14
16,9,7
0,15,3
16,3,10
7,8,16
6,25,9
23,22,1
9,8,16
12,24,12
13,21,10
9,15,20
18,13,11
8,7,8
10,19,14
11,0,25
19,11,8
24,8,21
3,6,8
13,19,19
24,22,13
18,11,20
20,14,17
25,17,14
12,14,20
18,22,1
12,0,16
4,11,13
14,2,21
22,4,2
22,23,9
13,18,3
